,night_length,SON_kwh,LED_kwh,smart_A_LED_kwh,smart_B_LED_kwh,smart_C_LED_kwh
0,58699,2.4457916666666666,0.8152638888888888,0.3831740277777777,0.4810056944444444,0.4565477777777778
1,58618,2.4424166666666665,0.8141388888888889,0.38264527777777774,0.48034194444444434,0.4559177777777777
2,58531,2.4387916666666665,0.8129305555555555,0.3820773611111111,0.4796290277777777,0.45524111111111104
3,58439,2.4349583333333333,0.8116527777777777,0.3814768055555555,0.4788751388888889,0.45452555555555557
4,58339,2.4307916666666665,0.8102638888888888,0.3808240277777777,0.4780556944444444,0.4537477777777777
5,58233,2.4263749999999997,0.8087916666666666,0.3801320833333333,0.47718708333333326,0.4529233333333333
6,58122,2.42175,0.8072499999999999,0.3794075,0.4762774999999999,0.45206
7,58004,2.4168333333333334,0.8056111111111111,0.3786372222222222,0.4753105555555555,0.4511422222222223
8,57882,2.41175,0.8039166666666666,0.3778408333333333,0.4743108333333333,0.4501933333333333
9,57752,2.4063333333333334,0.802111111111111,0.3769922222222222,0.4732455555555555,0.44918222222222226
10,57619,2.4007916666666667,0.8002638888888888,0.37612402777777776,0.4721556944444444,0.4481477777777778
11,57479,2.3949583333333333,0.7983194444444444,0.3752101388888888,0.4710084722222222,0.4470588888888889
12,57335,2.388958333333333,0.7963194444444444,0.3742701388888888,0.4698284722222222,0.44593888888888883
13,57185,2.3827083333333334,0.794236111111111,0.3732909722222222,0.4685993055555555,0.44477222222222224
14,57030,2.3762499999999998,0.7920833333333333,0.3722791666666666,0.46732916666666663,0.4435666666666666
15,56871,2.369625,0.789875,0.37124124999999997,0.46602625,0.44233
16,56707,2.3627916666666664,0.7875972222222222,0.37017069444444445,0.46468236111111105,0.44105444444444447
17,56538,2.35575,0.7852499999999999,0.3690675,0.4632974999999999,0.43973999999999996
18,56366,2.3485833333333335,0.782861111111111,0.36794472222222224,0.4618880555555555,0.43840222222222225
19,56189,2.3412083333333333,0.7804027777777777,0.36678930555555556,0.4604376388888889,0.43702555555555556
20,56009,2.333708333333333,0.7779027777777777,0.3656143055555555,0.45896263888888883,0.43562555555555554
21,55824,2.326,0.7753333333333333,0.3644066666666666,0.45744666666666667,0.43418666666666667
22,55636,2.3181666666666665,0.7727222222222222,0.3631794444444444,0.45590611111111107,0.43272444444444447
23,55443,2.3101249999999998,0.7700416666666666,0.36191958333333324,0.45432458333333325,0.4312233333333333
24,55248,2.302,0.7673333333333333,0.36064666666666667,0.4527266666666666,0.4297066666666666
25,55049,2.2937083333333335,0.7645694444444444,0.3593476388888889,0.4510959722222222,0.4281588888888889
26,54847,2.2852916666666667,0.7617638888888888,0.3580290277777778,0.44944069444444434,0.4265877777777778
27,54643,2.2767916666666665,0.7589305555555556,0.35669736111111106,0.4477690277777777,0.42500111111111105
28,54435,2.268125,0.7560416666666666,0.35533958333333326,0.4460645833333333,0.4233833333333333
29,54224,2.259333333333333,0.7531111111111111,0.3539622222222221,0.44433555555555554,0.42174222222222213
30,54012,2.2504999999999997,0.7501666666666666,0.3525783333333333,0.4425983333333333,0.4200933333333334
31,53796,2.2415,0.7471666666666666,0.35116833333333325,0.44082833333333327,0.4184133333333333
32,53578,2.2324166666666665,0.7441388888888888,0.34974527777777775,0.4390419444444444,0.41671777777777774
33,53358,2.2232499999999997,0.7410833333333333,0.34830916666666667,0.4372391666666666,0.41500666666666663
34,53135,2.2139583333333333,0.737986111111111,0.3468534722222222,0.4354118055555555,0.41327222222222215
35,52910,2.2045833333333333,0.7348611111111111,0.34538472222222216,0.4335680555555555,0.4115222222222221
36,52683,2.195125,0.7317083333333333,0.34390291666666667,0.4317079166666666,0.40975666666666655
37,52455,2.185625,0.7285416666666666,0.3424145833333333,0.42983958333333333,0.4079833333333333
38,52224,2.1759999999999997,0.7253333333333333,0.3409066666666667,0.42794666666666664,0.4061866666666667
39,51993,2.166375,0.7221249999999999,0.33939875,0.42605374999999995,0.40438999999999997
40,51759,2.156625,0.7188749999999999,0.33787125,0.42413625,0.40257
41,51524,2.1468333333333334,0.7156111111111111,0.33633722222222223,0.42221055555555553,0.4007422222222222
42,51288,2.137,0.7123333333333333,0.33479666666666663,0.42027666666666663,0.39890666666666663
43,51049,2.1270416666666665,0.7090138888888888,0.3332365277777778,0.4183181944444444,0.3970477777777778
44,50811,2.117125,0.7057083333333333,0.33168291666666666,0.4163679166666666,0.3951966666666667
45,50569,2.1070416666666665,0.7023472222222221,0.3301031944444444,0.41438486111111106,0.39331444444444447
46,50328,2.097,0.699,0.32853,0.41240999999999994,0.39144
47,50085,2.086875,0.6956249999999999,0.32694375,0.41041874999999994,0.38954999999999995
48,49842,2.07675,0.6922499999999999,0.32535749999999997,0.40842749999999994,0.38766000000000006
49,49598,2.0665833333333334,0.688861111111111,0.3237647222222222,0.4064280555555555,0.3857622222222222
50,49352,2.0563333333333333,0.6854444444444444,0.3221588888888889,0.4044122222222222,0.3838488888888889
51,49105,2.0460416666666665,0.6820138888888888,0.32054652777777776,0.40238819444444435,0.38192777777777775
52,48858,2.0357499999999997,0.6785833333333333,0.31893416666666663,0.40036416666666663,0.3800066666666666
53,48610,2.0254166666666666,0.6751388888888888,0.31731527777777774,0.3983319444444444,0.37807777777777773
54,48362,2.015083333333333,0.6716944444444444,0.31569638888888885,0.3962997222222222,0.37614888888888887
55,48113,2.0047083333333333,0.668236111111111,0.3140709722222222,0.3942593055555555,0.3742122222222222
56,47863,1.9942916666666666,0.6647638888888888,0.31243902777777777,0.39221069444444445,0.37226777777777775
57,47612,1.9838333333333333,0.6612777777777777,0.31080055555555547,0.39015388888888886,0.3703155555555555
58,47362,1.9734166666666666,0.6578055555555555,0.3091686111111111,0.38810527777777776,0.3683711111111111
59,47110,1.9629166666666666,0.6543055555555555,0.3075236111111111,0.3860402777777777,0.366411111111111
60,46859,1.9524583333333332,0.6508194444444444,0.3058851388888889,0.3839834722222222,0.36445888888888883
61,46606,1.9419166666666665,0.6473055555555555,0.304233611111111,0.38191027777777775,0.3624911111111111
62,46354,1.9314166666666666,0.6438055555555555,0.30258861111111107,0.3798452777777777,0.3605311111111111
63,46101,1.9208749999999999,0.6402916666666666,0.3009370833333333,0.3777720833333333,0.3585633333333333
64,45847,1.9102916666666665,0.6367638888888888,0.29927902777777776,0.3756906944444444,0.3565877777777777
65,45594,1.8997499999999998,0.63325,0.2976275,0.37361749999999994,0.35462000000000005
66,45339,1.889125,0.6297083333333333,0.2959629166666667,0.3715279166666666,0.35263666666666665
67,45085,1.8785416666666666,0.6261805555555555,0.2943048611111111,0.36944652777777776,0.3506611111111111
68,44832,1.8679999999999999,0.6226666666666666,0.2926533333333333,0.36737333333333333,0.3486933333333333
69,44577,1.857375,0.6191249999999999,0.29098874999999996,0.36528375,0.34670999999999996
70,44323,1.8467916666666666,0.6155972222222221,0.2893306944444444,0.3632023611111111,0.3447344444444444
71,44068,1.8361666666666665,0.6120555555555555,0.28766611111111107,0.3611127777777777,0.3427511111111111
72,43813,1.8255416666666666,0.6085138888888888,0.28600152777777776,0.3590231944444444,0.3407677777777778
73,43558,1.8149166666666665,0.6049722222222221,0.2843369444444444,0.3569336111111111,0.3387844444444444
74,43303,1.8042916666666666,0.6014305555555555,0.28267236111111105,0.35484402777777774,0.3368011111111111
75,43049,1.7937083333333332,0.5979027777777778,0.2810143055555555,0.35276263888888887,0.3348255555555556
76,42793,1.7830416666666666,0.5943472222222221,0.2793431944444444,0.35066486111111106,0.33283444444444443
77,42539,1.7724583333333332,0.5908194444444445,0.2776851388888889,0.3485834722222222,0.3308588888888889
78,42283,1.7617916666666666,0.5872638888888888,0.2760140277777778,0.3464856944444444,0.32886777777777776
79,42028,1.7511666666666665,0.5837222222222221,0.2743494444444444,0.3443961111111111,0.3268844444444445
80,41773,1.7405416666666667,0.5801805555555555,0.2726848611111111,0.34230652777777776,0.3249011111111111
81,41518,1.7299166666666665,0.5766388888888888,0.27102027777777776,0.3402169444444444,0.32291777777777775
82,41264,1.7193333333333334,0.573111111111111,0.2693622222222222,0.3381355555555555,0.3209422222222222
83,41008,1.7086666666666666,0.5695555555555555,0.26769111111111105,0.33603777777777777,0.31895111111111113
84,40754,1.6980833333333332,0.5660277777777777,0.2660330555555555,0.33395638888888884,0.3169755555555555
85,40500,1.6875,0.5625,0.26437499999999997,0.331875,0.315
86,40245,1.676875,0.5589583333333333,0.2627104166666666,0.32978541666666666,0.3130166666666666
87,39991,1.6662916666666665,0.5554305555555555,0.2610523611111111,0.32770402777777774,0.3110411111111111
88,39737,1.6557083333333333,0.5519027777777777,0.25939430555555554,0.32562263888888887,0.3090655555555556
89,39483,1.645125,0.548375,0.25773624999999994,0.32354125,0.30709000000000003
90,39230,1.6345833333333333,0.544861111111111,0.2560847222222222,0.32146805555555547,0.3051222222222222
91,38977,1.6240416666666666,0.5413472222222222,0.25443319444444445,0.3193948611111111,0.30315444444444445
92,38725,1.6135416666666667,0.5378472222222221,0.25278819444444445,0.31732986111111106,0.30119444444444443
93,38472,1.603,0.5343333333333333,0.2511366666666666,0.31525666666666663,0.29922666666666664
94,38220,1.5925,0.5308333333333333,0.24949166666666664,0.3131916666666666,0.2972666666666667
95,37968,1.5819999999999999,0.5273333333333333,0.24784666666666666,0.3111266666666666,0.2953066666666667
96,37716,1.5715,0.5238333333333333,0.24620166666666665,0.3090616666666666,0.29334666666666664
97,37465,1.5610416666666667,0.5203472222222222,0.24456319444444444,0.3070048611111111,0.2913944444444444
98,37214,1.5505833333333332,0.5168611111111111,0.2429247222222222,0.3049480555555555,0.2894422222222222
99,36964,1.5401666666666667,0.5133888888888889,0.24129277777777774,0.3028994444444444,0.2874977777777778
100,36715,1.5297916666666667,0.5099305555555556,0.2396673611111111,0.30085902777777773,0.28556111111111104
101,36466,1.5194166666666666,0.5064722222222222,0.23804194444444443,0.2988186111111111,0.28362444444444446
102,36217,1.5090416666666666,0.5030138888888889,0.23641652777777775,0.2967781944444444,0.28168777777777776
103,35970,1.49875,0.4995833333333333,0.23480416666666662,0.29475416666666665,0.2797666666666666
104,35722,1.4884166666666667,0.49613888888888885,0.23318527777777776,0.29272194444444444,0.27783777777777774
105,35476,1.4781666666666666,0.4927222222222222,0.23157944444444442,0.2907061111111111,0.2759244444444444
106,35230,1.4679166666666665,0.4893055555555555,0.2299736111111111,0.2886902777777778,0.2740111111111111
107,34986,1.4577499999999999,0.4859166666666666,0.2283808333333333,0.28669083333333334,0.2721133333333333
108,34742,1.4475833333333332,0.4825277777777777,0.22678805555555553,0.2846913888888889,0.27021555555555554
109,34499,1.4374583333333333,0.47915277777777776,0.22520180555555552,0.28270013888888884,0.2683255555555556
110,34256,1.4273333333333333,0.47577777777777774,0.22361555555555554,0.2807088888888889,0.26643555555555554
111,34015,1.4172916666666666,0.4724305555555555,0.2220423611111111,0.2787340277777777,0.2645611111111111
112,33776,1.4073333333333333,0.4691111111111111,0.2204822222222222,0.27677555555555555,0.2627022222222222
113,33537,1.397375,0.46579166666666666,0.2189220833333333,0.2748170833333333,0.2608433333333333
114,33298,1.3874166666666665,0.4624722222222222,0.21736194444444445,0.2728586111111111,0.25898444444444446
115,33062,1.3775833333333334,0.4591944444444444,0.21582138888888888,0.2709247222222222,0.25714888888888887
116,32827,1.3677916666666665,0.4559305555555555,0.2142873611111111,0.2689990277777778,0.2553211111111111
117,32594,1.3580833333333333,0.4526944444444444,0.21276638888888888,0.26708972222222216,0.2535088888888889
118,32361,1.3483749999999999,0.4494583333333333,0.21124541666666666,0.26518041666666664,0.2516966666666667
119,32130,1.3387499999999999,0.44625,0.20973749999999997,0.2632875,0.24989999999999998
120,31901,1.3292083333333333,0.4430694444444444,0.20824263888888886,0.2614109722222222,0.2481188888888889
121,31674,1.31975,0.4399166666666666,0.2067608333333333,0.2595508333333333,0.24635333333333337
122,31448,1.3103333333333333,0.43677777777777776,0.2052855555555555,0.25769888888888887,0.24459555555555554
123,31224,1.301,0.43366666666666664,0.2038233333333333,0.2558633333333333,0.2428533333333333
124,31002,1.29175,0.4305833333333333,0.20237416666666663,0.2540441666666666,0.24112666666666668
125,30782,1.2825833333333332,0.42752777777777773,0.20093805555555552,0.25224138888888886,0.23941555555555555
126,30564,1.2734999999999999,0.4245,0.19951499999999997,0.2504549999999999,0.23771999999999996
127,30349,1.2645416666666667,0.42151388888888885,0.19811152777777774,0.2486931944444444,0.23604777777777775
128,30136,1.2556666666666667,0.4185555555555555,0.19672111111111107,0.24694777777777777,0.2343911111111111
129,29925,1.246875,0.41562499999999997,0.19534374999999998,0.24521874999999999,0.23274999999999998
130,29716,1.2381666666666666,0.4127222222222222,0.1939794444444444,0.2435061111111111,0.23112444444444444
131,29511,1.229625,0.409875,0.19264124999999999,0.24182624999999996,0.22953
132,29309,1.2212083333333332,0.40706944444444443,0.19132263888888887,0.24017097222222217,0.22795888888888885
133,29109,1.212875,0.40429166666666666,0.19001708333333328,0.2385320833333333,0.22640333333333332
134,28912,1.2046666666666666,0.4015555555555555,0.1887311111111111,0.23691777777777775,0.2248711111111111
135,28718,1.1965833333333333,0.39886111111111106,0.18746472222222219,0.23532805555555553,0.22336222222222224
136,28528,1.1886666666666665,0.3962222222222222,0.18622444444444444,0.23377111111111107,0.2218844444444444
137,28341,1.180875,0.39362499999999995,0.18500374999999997,0.23223874999999997,0.22043
138,28157,1.1732083333333332,0.3910694444444444,0.18380263888888887,0.2307309722222222,0.21899888888888888
139,27977,1.1657083333333333,0.3885694444444444,0.18262763888888886,0.22925597222222222,0.2175988888888889
140,27801,1.158375,0.386125,0.18147875,0.22781374999999998,0.21622999999999998
141,27628,1.1511666666666667,0.3837222222222222,0.18034944444444445,0.22639611111111108,0.21488444444444446
142,27460,1.1441666666666666,0.3813888888888889,0.1792527777777778,0.2250194444444444,0.21357777777777776
143,27296,1.1373333333333333,0.37911111111111107,0.17818222222222221,0.22367555555555552,0.2123022222222222
144,27136,1.1306666666666667,0.3768888888888889,0.17713777777777778,0.22236444444444442,0.21105777777777776
145,26981,1.1242083333333333,0.3747361111111111,0.1761259722222222,0.22109430555555554,0.20985222222222222
146,26830,1.1179166666666667,0.37263888888888885,0.17514027777777777,0.21985694444444442,0.20867777777777777
147,26684,1.1118333333333332,0.37061111111111106,0.1741872222222222,0.21866055555555552,0.20754222222222218
148,26543,1.1059583333333334,0.3686527777777778,0.17326680555555554,0.21750513888888887,0.20644555555555552
149,26406,1.10025,0.36674999999999996,0.17237249999999998,0.21638249999999998,0.20538
150,26275,1.0947916666666666,0.36493055555555554,0.1715173611111111,0.21530902777777775,0.20436111111111108
151,26150,1.0895833333333333,0.36319444444444443,0.17070138888888886,0.2142847222222222,0.20338888888888884
152,26029,1.0845416666666667,0.36151388888888886,0.16991152777777774,0.21329319444444444,0.20244777777777775
153,25914,1.07975,0.35991666666666666,0.16916083333333332,0.21235083333333332,0.2015533333333333
154,25805,1.0752083333333333,0.35840277777777774,0.16844930555555554,0.21145763888888885,0.20070555555555553
155,25701,1.070875,0.3569583333333333,0.16777041666666667,0.21060541666666666,0.19989666666666667
156,25602,1.0667499999999999,0.3555833333333333,0.16712416666666666,0.20979416666666664,0.19912666666666667
157,25511,1.0629583333333332,0.3543194444444444,0.16653013888888885,0.2090484722222222,0.1984188888888889
158,25425,1.059375,0.35312499999999997,0.16596874999999997,0.20834374999999997,0.19774999999999998
159,25345,1.0560416666666665,0.35201388888888885,0.16544652777777777,0.20768819444444445,0.19712777777777776
160,25271,1.0529583333333332,0.3509861111111111,0.1649634722222222,0.20708180555555553,0.19655222222222224
161,25204,1.0501666666666667,0.3500555555555555,0.1645261111111111,0.20653277777777773,0.1960311111111111
162,25144,1.0476666666666665,0.3492222222222222,0.16413444444444442,0.2060411111111111,0.19556444444444446
163,25089,1.045375,0.3484583333333333,0.16377541666666665,0.20559041666666664,0.19513666666666668
164,25041,1.043375,0.34779166666666667,0.1634620833333333,0.2051970833333333,0.19476333333333334
165,25000,1.0416666666666667,0.3472222222222222,0.16319444444444442,0.2048611111111111,0.19444444444444442
166,24966,1.04025,0.34674999999999995,0.1629725,0.20458249999999997,0.19418000000000002
167,24938,1.0390833333333334,0.34636111111111106,0.1627897222222222,0.20435305555555555,0.1939622222222222
168,24917,1.0382083333333334,0.34606944444444443,0.1626526388888889,0.2041809722222222,0.19379888888888888
169,24903,1.037625,0.345875,0.16256125,0.20406625,0.19369
170,24895,1.0372916666666667,0.34576388888888887,0.16250902777777773,0.20400069444444444,0.19362777777777776
171,24895,1.0372916666666667,0.34576388888888887,0.16250902777777773,0.20400069444444444,0.19362777777777776
172,24901,1.0375416666666666,0.3458472222222222,0.1625481944444444,0.2040498611111111,0.19367444444444445
173,24913,1.0380416666666665,0.34601388888888884,0.16262652777777775,0.20414819444444443,0.19376777777777776
174,24932,1.0388333333333333,0.34627777777777774,0.16275055555555554,0.20430388888888884,0.19391555555555556
175,24958,1.0399166666666666,0.3466388888888889,0.16292027777777776,0.2045169444444444,0.19411777777777778
176,24991,1.0412916666666667,0.3470972222222222,0.16313569444444442,0.20478736111111107,0.19437444444444443
177,25031,1.0429583333333332,0.34765277777777776,0.16339680555555552,0.20511513888888885,0.19468555555555556
178,25077,1.044875,0.34829166666666667,0.16369708333333333,0.20549208333333333,0.19504333333333332
179,25129,1.0470416666666666,0.34901388888888885,0.16403652777777775,0.20591819444444442,0.19544777777777775
180,25189,1.0495416666666666,0.3498472222222222,0.16442819444444445,0.2064098611111111,0.19591444444444445
181,25254,1.05225,0.35074999999999995,0.16485249999999999,0.20694249999999997,0.19642
182,25326,1.05525,0.35174999999999995,0.1653225,0.20753249999999998,0.19698
183,25404,1.0585,0.35283333333333333,0.16583166666666666,0.20817166666666667,0.19758666666666663
184,25488,1.062,0.354,0.16638,0.20886,0.19824
185,25579,1.0657916666666667,0.3552638888888889,0.16697402777777776,0.2096056944444444,0.19894777777777772
186,25675,1.0697916666666667,0.3565972222222222,0.16760069444444442,0.2103923611111111,0.19969444444444442
187,25776,1.074,0.358,0.16826,0.21121999999999996,0.20048000000000002
188,25883,1.0784583333333333,0.35948611111111106,0.1689584722222222,0.21209680555555555,0.20131222222222223
189,25997,1.0832083333333333,0.36106944444444444,0.1697026388888889,0.21303097222222223,0.2021988888888889
190,26115,1.088125,0.3627083333333333,0.17047291666666664,0.21399791666666665,0.20311666666666664
191,26239,1.0932916666666666,0.36443055555555554,0.1712823611111111,0.21501402777777778,0.2040811111111111
192,26368,1.0986666666666667,0.36622222222222217,0.17212444444444444,0.21607111111111107,0.20508444444444443
193,26501,1.1042083333333332,0.3680694444444444,0.17299263888888888,0.2171609722222222,0.20611888888888888
194,26641,1.1100416666666666,0.37001388888888886,0.17390652777777776,0.2183081944444444,0.20720777777777777
195,26785,1.1160416666666666,0.37201388888888887,0.17484652777777776,0.21948819444444442,0.20832777777777775
196,26933,1.1222083333333333,0.3740694444444444,0.17581263888888887,0.2207009722222222,0.20947888888888888
197,27086,1.1285833333333333,0.37619444444444444,0.17681138888888887,0.2219547222222222,0.2106688888888889
198,27243,1.135125,0.37837499999999996,0.17783624999999997,0.22324124999999997,0.21189
199,27405,1.141875,0.380625,0.17889375000000002,0.22456874999999998,0.21314999999999998
200,27570,1.14875,0.3829166666666666,0.1799708333333333,0.2259208333333333,0.21443333333333328
201,27740,1.1558333333333333,0.3852777777777778,0.18108055555555552,0.22731388888888887,0.21575555555555553
202,27914,1.1630833333333332,0.3876944444444444,0.18221638888888886,0.22873972222222216,0.21710888888888885
203,28091,1.1704583333333334,0.39015277777777774,0.18337180555555554,0.2301901388888889,0.21848555555555557
204,28272,1.178,0.39266666666666666,0.18455333333333332,0.23167333333333331,0.21989333333333333
205,28455,1.185625,0.39520833333333333,0.18574791666666665,0.23317291666666662,0.22131666666666666
206,28643,1.1934583333333333,0.3978194444444444,0.1869751388888889,0.2347134722222222,0.2227788888888889
207,28834,1.2014166666666666,0.4004722222222222,0.1882219444444444,0.23627861111111106,0.2242644444444444
208,29028,1.2095,0.4031666666666666,0.18948833333333331,0.2378683333333333,0.22577333333333335
209,29225,1.2177083333333334,0.4059027777777777,0.19077430555555552,0.23948263888888888,0.2273055555555555
210,29425,1.2260416666666667,0.40868055555555555,0.19207986111111108,0.24112152777777776,0.22886111111111107
211,29627,1.2344583333333332,0.4114861111111111,0.19339847222222223,0.24277680555555556,0.23043222222222223
212,29832,1.2429999999999999,0.4143333333333333,0.19473666666666664,0.24445666666666666,0.23202666666666666
213,30039,1.251625,0.4172083333333333,0.19608791666666664,0.24615291666666664,0.2336366666666667
214,30249,1.260375,0.42012499999999997,0.19745874999999996,0.24787374999999998,0.23526999999999998
215,30462,1.26925,0.4230833333333333,0.19884916666666663,0.24961916666666667,0.23692666666666667
216,30676,1.2781666666666667,0.4260555555555555,0.20024611111111107,0.2513727777777778,0.2385911111111111
217,30892,1.2871666666666666,0.4290555555555555,0.2016561111111111,0.25314277777777777,0.24027111111111113
218,31111,1.2962916666666666,0.4320972222222222,0.20308569444444444,0.2549373611111111,0.24197444444444446
219,31332,1.3054999999999999,0.43516666666666665,0.2045283333333333,0.25674833333333336,0.24369333333333335
220,31554,1.3147499999999999,0.43825,0.20597749999999995,0.25856749999999995,0.24541999999999997
221,31777,1.3240416666666666,0.44134722222222217,0.20743319444444444,0.2603948611111111,0.24715444444444443
222,32004,1.3335,0.44449999999999995,0.208915,0.26225499999999996,0.24891999999999997
223,32230,1.3429166666666665,0.44763888888888886,0.21039027777777775,0.26410694444444444,0.2506777777777778
224,32459,1.3524583333333333,0.4508194444444444,0.21188513888888888,0.2659834722222222,0.2524588888888889
225,32690,1.3620833333333333,0.45402777777777775,0.21339305555555554,0.26787638888888887,0.2542555555555555
226,32921,1.3717083333333333,0.45723611111111107,0.2149009722222222,0.2697693055555555,0.25605222222222224
227,33154,1.3814166666666665,0.46047222222222217,0.21642194444444443,0.2716786111111111,0.2578644444444444
228,33388,1.3911666666666667,0.4637222222222222,0.21794944444444445,0.2735961111111111,0.25968444444444444
229,33623,1.4009583333333333,0.4669861111111111,0.2194834722222222,0.2755218055555555,0.2615122222222222
230,33859,1.4107916666666667,0.47026388888888887,0.22102402777777774,0.2774556944444444,0.26334777777777774
231,34097,1.4207083333333332,0.47356944444444443,0.22257763888888885,0.2794059722222222,0.2651988888888889
232,34335,1.430625,0.47687499999999994,0.22413124999999995,0.28135625,0.26704999999999995
233,34574,1.4405833333333333,0.4801944444444444,0.22569138888888887,0.2833147222222222,0.26890888888888886
234,34814,1.4505833333333333,0.4835277777777777,0.22725805555555553,0.2852813888888889,0.2707755555555555
235,35055,1.460625,0.48687499999999995,0.22883124999999996,0.28725625,0.27264999999999995
236,35296,1.4706666666666666,0.49022222222222217,0.2304044444444444,0.2892311111111111,0.27452444444444446
237,35540,1.4808333333333332,0.49361111111111106,0.2319972222222222,0.2912305555555555,0.2764222222222222
238,35782,1.4909166666666667,0.4969722222222222,0.23357694444444443,0.2932136111111111,0.2783044444444444
239,36026,1.5010833333333333,0.500361111111111,0.2351697222222222,0.29521305555555555,0.28020222222222224
240,36270,1.51125,0.5037499999999999,0.2367625,0.2972125,0.28209999999999996
241,36516,1.5214999999999999,0.5071666666666667,0.2383683333333333,0.2992283333333333,0.28401333333333334
242,36762,1.53175,0.5105833333333333,0.23997416666666663,0.30124416666666665,0.28592666666666666
243,37008,1.542,0.514,0.24158,0.30326,0.28784
244,37254,1.55225,0.5174166666666666,0.24318583333333332,0.3052758333333333,0.2897533333333333
245,37500,1.5625,0.5208333333333333,0.24479166666666663,0.30729166666666663,0.29166666666666663
246,37748,1.5728333333333333,0.5242777777777777,0.24641055555555552,0.30932388888888884,0.29359555555555555
247,37996,1.5831666666666666,0.5277222222222222,0.2480294444444444,0.31135611111111106,0.29552444444444437
248,38244,1.5935,0.5311666666666667,0.2496483333333333,0.31338833333333327,0.2974533333333333
249,38493,1.603875,0.5346249999999999,0.25127374999999996,0.3154287499999999,0.29938999999999993
250,38741,1.6142083333333332,0.5380694444444444,0.25289263888888885,0.3174609722222222,0.3013188888888889
251,38990,1.6245833333333333,0.5415277777777777,0.2545180555555555,0.31950138888888885,0.3032555555555555
252,39240,1.635,0.5449999999999999,0.25615,0.32154999999999995,0.3051999999999999
253,39490,1.6454166666666665,0.5484722222222221,0.2577819444444444,0.3235986111111111,0.30714444444444444
254,39739,1.6557916666666666,0.5519305555555555,0.25940736111111107,0.32563902777777776,0.3090811111111111
255,39990,1.66625,0.5554166666666667,0.2610458333333333,0.3276958333333333,0.3110333333333333
256,40240,1.6766666666666665,0.5588888888888889,0.2626777777777778,0.32974444444444445,0.31297777777777774
257,40491,1.687125,0.562375,0.26431625,0.33180124999999994,0.31493
258,40741,1.6975416666666665,0.5658472222222222,0.2659481944444444,0.3338498611111111,0.31687444444444446
259,40991,1.7079583333333332,0.5693194444444444,0.2675801388888889,0.33589847222222224,0.31881888888888893
260,41242,1.7184166666666667,0.5728055555555556,0.26921861111111106,0.3379552777777778,0.32077111111111106
261,41494,1.7289166666666667,0.5763055555555555,0.2708636111111111,0.3400202777777777,0.3227311111111111
262,41745,1.739375,0.5797916666666666,0.27250208333333326,0.3420770833333333,0.32468333333333327
263,41996,1.7498333333333334,0.5832777777777778,0.2741405555555555,0.3441338888888889,0.3266355555555555
264,42246,1.7602499999999999,0.58675,0.2757725,0.34618249999999995,0.32858
265,42498,1.77075,0.5902499999999999,0.2774175,0.3482475,0.33054
266,42748,1.7811666666666666,0.5937222222222222,0.2790494444444444,0.35029611111111103,0.3324844444444444
267,43000,1.7916666666666665,0.5972222222222222,0.28069444444444436,0.35236111111111107,0.3344444444444444
268,43251,1.802125,0.6007083333333333,0.28233291666666666,0.3544179166666666,0.3363966666666667
269,43502,1.8125833333333332,0.6041944444444444,0.28397138888888884,0.35647472222222215,0.3383488888888888
270,43754,1.8230833333333332,0.6076944444444444,0.28561638888888885,0.3585397222222222,0.3403088888888889
271,44004,1.8335,0.6111666666666666,0.2872483333333333,0.3605883333333333,0.3422533333333333
272,44255,1.8439583333333334,0.6146527777777777,0.2888868055555555,0.36264513888888883,0.3442055555555555
273,44506,1.8544166666666666,0.6181388888888888,0.29052527777777776,0.3647019444444444,0.3461577777777778
274,44756,1.8648333333333333,0.6216111111111111,0.2921572222222222,0.3667505555555556,0.34810222222222226
275,45007,1.8752916666666666,0.6250972222222222,0.2937956944444444,0.3688073611111111,0.3500544444444444
276,45257,1.8857083333333333,0.6285694444444444,0.29542763888888884,0.37085597222222216,0.3519988888888888
277,45507,1.8961249999999998,0.6320416666666666,0.29705958333333327,0.3729045833333333,0.3539433333333333
278,45757,1.9065416666666666,0.6355138888888888,0.29869152777777774,0.3749531944444444,0.35588777777777775
279,46007,1.9169583333333333,0.638986111111111,0.30032347222222217,0.3770018055555555,0.35783222222222216
280,46257,1.9273749999999998,0.6424583333333332,0.30195541666666664,0.3790504166666666,0.3597766666666666
281,46506,1.9377499999999999,0.6459166666666666,0.3035808333333333,0.38109083333333327,0.36171333333333333
282,46754,1.9480833333333332,0.6493611111111111,0.30519972222222225,0.38312305555555554,0.3636422222222222
283,47003,1.9584583333333332,0.6528194444444444,0.30682513888888885,0.3851634722222222,0.3655788888888889
284,47251,1.9687916666666665,0.6562638888888889,0.30844402777777774,0.3871956944444444,0.36750777777777777
285,47498,1.9790833333333333,0.6596944444444444,0.31005638888888887,0.3892197222222222,0.3694288888888888
286,47745,1.989375,0.663125,0.31166874999999994,0.39124375,0.37135
287,47991,1.999625,0.6665416666666666,0.3132745833333333,0.3932595833333333,0.37326333333333334
288,48238,2.009916666666667,0.6699722222222222,0.3148869444444444,0.3952836111111111,0.37518444444444443
289,48483,2.0201249999999997,0.673375,0.31648624999999997,0.39729125,0.37709
290,48728,2.030333333333333,0.6767777777777777,0.31808555555555557,0.39929888888888887,0.37899555555555553
291,48972,2.0404999999999998,0.6801666666666666,0.3196783333333333,0.4012983333333333,0.3808933333333333
292,49215,2.050625,0.6835416666666666,0.3212645833333333,0.4032895833333333,0.3827833333333333
293,49459,2.060791666666667,0.6869305555555555,0.3228573611111111,0.40528902777777776,0.38468111111111114
294,49700,2.0708333333333333,0.6902777777777778,0.32443055555555556,0.40726388888888887,0.3865555555555555
295,49942,2.0809166666666665,0.6936388888888888,0.3260102777777777,0.4092469444444444,0.38843777777777777
296,50181,2.090875,0.6969583333333332,0.32757041666666664,0.41120541666666666,0.3902966666666666
297,50420,2.100833333333333,0.7002777777777778,0.32913055555555554,0.4131638888888889,0.39215555555555554
298,50658,2.11075,0.7035833333333332,0.33068416666666667,0.4151141666666666,0.3940066666666666
299,50895,2.120625,0.7068749999999999,0.33223125000000003,0.41705624999999996,0.39585
300,51131,2.1304583333333333,0.7101527777777777,0.33377180555555547,0.4189901388888888,0.3976855555555555
301,51365,2.1402083333333333,0.7134027777777777,0.3352993055555555,0.4209076388888888,0.3995055555555555
302,51599,2.149958333333333,0.7166527777777777,0.33682680555555555,0.42282513888888884,0.40132555555555555
303,51831,2.159625,0.7198749999999999,0.3383412499999999,0.42472624999999997,0.40313
304,52062,2.16925,0.7230833333333333,0.33984916666666665,0.4266191666666666,0.40492666666666666
305,52290,2.17875,0.72625,0.3413374999999999,0.4284874999999999,0.40669999999999995
306,52518,2.18825,0.7294166666666666,0.34282583333333333,0.43035583333333327,0.40847333333333335
307,52743,2.197625,0.7325416666666666,0.3442945833333333,0.4321995833333333,0.4102233333333333
308,52967,2.206958333333333,0.7356527777777777,0.3457568055555555,0.4340351388888889,0.4119655555555556
309,53188,2.2161666666666666,0.7387222222222222,0.3471994444444444,0.43584611111111105,0.41368444444444435
310,53408,2.2253333333333334,0.7417777777777778,0.34863555555555553,0.43764888888888887,0.4153955555555555
311,53626,2.2344166666666667,0.7448055555555555,0.3500586111111111,0.43943527777777774,0.4170911111111111
312,53840,2.243333333333333,0.7477777777777778,0.3514555555555555,0.4411888888888889,0.41875555555555555
313,54054,2.25225,0.7507499999999999,0.3528525,0.44294249999999996,0.42042
314,54264,2.261,0.7536666666666666,0.3542233333333333,0.4446633333333333,0.4220533333333333
315,54472,2.2696666666666667,0.7565555555555555,0.35558111111111107,0.4463677777777777,0.4236711111111111
316,54677,2.278208333333333,0.7594027777777778,0.35691930555555557,0.4480476388888888,0.42526555555555556
317,54880,2.2866666666666666,0.7622222222222221,0.3582444444444444,0.44971111111111106,0.4268444444444444
318,55079,2.294958333333333,0.764986111111111,0.3595434722222222,0.45134180555555553,0.42839222222222223
319,55276,2.303166666666667,0.7677222222222222,0.3608294444444444,0.4529561111111111,0.42992444444444444
320,55469,2.311208333333333,0.7704027777777778,0.3620893055555555,0.4545376388888889,0.4314255555555555
321,55659,2.319125,0.7730416666666666,0.3633295833333333,0.4560945833333333,0.43290333333333336
322,55845,2.326875,0.7756249999999999,0.36454374999999994,0.45761874999999996,0.43434999999999996
323,56028,2.3345,0.7781666666666666,0.3657383333333333,0.4591183333333333,0.4357733333333333
324,56206,2.3419166666666666,0.7806388888888889,0.3669002777777778,0.4605769444444444,0.43715777777777776
325,56381,2.3492083333333333,0.7830694444444444,0.36804263888888883,0.4620109722222222,0.4385188888888889
326,56552,2.356333333333333,0.7854444444444444,0.3691588888888888,0.4634122222222221,0.4398488888888889
327,56719,2.3632916666666666,0.7877638888888888,0.3702490277777778,0.46478069444444436,0.4411477777777778
328,56882,2.370083333333333,0.7900277777777778,0.3713130555555555,0.46611638888888884,0.44241555555555556
329,57040,2.3766666666666665,0.7922222222222222,0.37234444444444437,0.467411111111111,0.44364444444444445
330,57194,2.3830833333333334,0.7943611111111111,0.3733497222222222,0.4686730555555555,0.4448422222222222
331,57342,2.38925,0.7964166666666667,0.3743158333333333,0.4698858333333333,0.44599333333333335
332,57485,2.395208333333333,0.7984027777777777,0.37524930555555547,0.47105763888888885,0.4471055555555555
333,57624,2.401,0.8003333333333332,0.37615666666666664,0.4721966666666666,0.4481866666666666
334,57757,2.4065416666666666,0.8021805555555555,0.3770248611111111,0.4732865277777777,0.4492211111111111
335,57885,2.4118749999999998,0.8039583333333332,0.37786041666666664,0.4743354166666666,0.45021666666666665
336,58007,2.416958333333333,0.8056527777777778,0.37865680555555553,0.47533513888888884,0.45116555555555554
337,58124,2.4218333333333333,0.8072777777777778,0.37942055555555554,0.4762938888888889,0.45207555555555556
338,58235,2.426458333333333,0.8088194444444444,0.38014513888888884,0.47720347222222215,0.45293888888888884
339,58340,2.430833333333333,0.8102777777777778,0.3808305555555555,0.47806388888888884,0.4537555555555555
340,58439,2.4349583333333333,0.8116527777777777,0.3814768055555555,0.4788751388888889,0.45452555555555557
341,58532,2.438833333333333,0.8129444444444444,0.3820838888888889,0.47963722222222216,0.45524888888888887
342,58618,2.4424166666666665,0.8141388888888889,0.38264527777777774,0.48034194444444434,0.4559177777777777
343,58698,2.44575,0.8152499999999999,0.38316749999999994,0.4809974999999999,0.45653999999999995
344,58772,2.4488333333333334,0.8162777777777778,0.3836505555555555,0.48160388888888883,0.4571155555555556
345,58839,2.451625,0.8172083333333333,0.38408791666666664,0.48215291666666665,0.4576366666666667
346,58899,2.454125,0.8180416666666666,0.38447958333333326,0.4826445833333333,0.4581033333333333
347,58952,2.4563333333333333,0.8187777777777777,0.38482555555555553,0.48307888888888884,0.45851555555555557
348,58999,2.4582916666666668,0.8194305555555554,0.3851323611111111,0.48346402777777775,0.4588811111111112
349,59038,2.4599166666666665,0.8199722222222222,0.38538694444444443,0.483783611111111,0.4591844444444444
350,59072,2.461333333333333,0.8204444444444444,0.3856088888888889,0.48406222222222217,0.4594488888888889
351,59097,2.4623749999999998,0.8207916666666666,0.38577208333333335,0.4842670833333333,0.4596433333333333
352,59116,2.4631666666666665,0.8210555555555555,0.3858961111111111,0.4844227777777777,0.4597911111111111
353,59128,2.4636666666666667,0.8212222222222222,0.3859744444444444,0.48452111111111107,0.45988444444444443
354,59132,2.463833333333333,0.8212777777777777,0.38600055555555557,0.48455388888888884,0.4599155555555556
355,59129,2.4637083333333334,0.8212361111111111,0.3859809722222222,0.4845293055555555,0.45989222222222226
356,59119,2.4632916666666667,0.8210972222222221,0.3859156944444444,0.4844473611111111,0.45981444444444447
357,59103,2.462625,0.8208749999999999,0.38581124999999994,0.4843162499999999,0.45968999999999993
358,59079,2.4616249999999997,0.8205416666666666,0.3856545833333333,0.48411958333333327,0.45950333333333326
359,59048,2.4603333333333333,0.820111111111111,0.3854522222222222,0.48386555555555544,0.4592622222222222
360,59010,2.4587499999999998,0.8195833333333332,0.38520416666666657,0.4835541666666666,0.4589666666666666
361,58965,2.4568749999999997,0.8189583333333332,0.38491041666666664,0.4831854166666666,0.45861666666666656
362,58913,2.454708333333333,0.818236111111111,0.3845709722222222,0.4827593055555555,0.4582122222222222
363,58855,2.4522916666666665,0.8174305555555555,0.3841923611111111,0.48228402777777774,0.4577611111111111
364,58789,2.4495416666666667,0.8165138888888889,0.3837615277777777,0.4817431944444444,0.4572477777777778
